a <- 1-0.26
a
b <- 1 - .97
b
c <- 1-.04
c

z <- (.97*.26) + (.04*.74)
z
l <- 1 -0.2818
l
k <- (.97*.26)/.2818
k

j <- (.03*.26)/.7182
j

o <- 1 -k

o

0.7182 + 0.26

.74 + .2818
0.05706/.3681
.0


0.7182 * .26


.74 * .2818
