a = 0.3681
b = 0.68896

aNb = 0.05706

aN <- 1 - a
aN
bN <- 1 - b
bN

aOb <- (a+b) - aNb
aOb
